57 14
15696 41463 81142 20821 19078 47109 63171 72321 91786 78443 61767 15191 62408 69174
62721 89774 30910 38444 50613 12556 15064 51105 10731 60332 56892 78401 38619 75214
52625 77831 63042 28909 75637 96820 80999 42697 79556 16577 32709 40408 13918 6664
86795 36864 10769 19044 56027 23842 74895 76666 51420 52174 89291 82404 97399 81435
54142 20413 46838 49119 30881 38250 80777 67222 21935 50677 78676 40671 93805 97238
14 25890 87342 56031 4613 32214 77408 4433 54814 23588 11361 15925 76777 46618
69421 35015 41844 16889 14051 19708 48730 32541 56770 61346 28879 51155 37111 2594
55094 62293 99465 84519 66350 12582 44598 41696 51143 50613 12542 96345 25770 84716
46300 42559 61588 34780 66333 61247 15032 66607 93124 61975 96374 48885 49958 37590
97706 95243 96936 63232 71623 75897 64435 43195 20219 18494 46260 70703 19797 98997
28627 9273 997 29882 2925 10245 25204 87664 21835 15892 49901 90634 28624 95518
46842 91371 99716 24562 39378 27933 41175 75831 12478 1590 67212 79351 42718 58445
56316 34152 62047 74262 35110 61751 13331 75564 39433 37043 1511 1251 71569 9893
92367 98075 61303 81230 95784 27956 94653 3411 95522 36094 96184 84203 60298 57993
2088 2122 97385 96106 65063 89549 8579 75551 41499 21091 45149 62090 19501 81382
48696 32294 80987 77419 90244 52234 81322 73540 1529 34145 89010 62533 55439 61974
7480 7316 60962 34595 82237 93995 63802 75931 65527 33724 76063 87255 3516 4878
3195 52675 62139 6308 19661 12058 31637 34530 34185 92680 63314 78045 27031 41470
6906 79680 90682 67776 34218 74926 95342 52639 5223 81203 95503 89594 7402 81884
66501 37354 3950 9053 39629 22807 13525 85855 99443 18888 75891 54158 92170 57227
16772 23914 88708 91147 23076 33656 63861 49765 89116 46300 55807 99060 29416 86691
19656 49752 74704 29342 4166 82503 78313 30141 57952 89784 48734 26218 64911 70642
97089 68152 78448 15315 64362 53973 98939 91221 38443 49314 29391 69446 41007 32602
2288 7495 35675 98501 16317 95767 44742 90 97667 25564 39637 93477 95754 73093
37487 27107 93821 83834 76397 62965 31460 29113 83578 38567 75179 75453 2205 56573
90248 86200 11284 88710 43308 77609 14304 28501 12564 75557 91181 29475 70192 13848
26608 98397 76723 95338 28583 17667 95817 63971 92974 16877 68601 40396 51927 56830
17898 86202 17637 89612 39602 91723 38150 58105 79477 89868 25971 63665 61807 82281
79406 80789 34877 58305 27440 65969 15103 20315 94610 81257 40615 56014 31724 95839
13490 25980 3609 98089 83878 45939 70845 24215 45439 38372 24982 56367 89339 44412
92691 6907 88239 4479 75185 87782 70178 94712 46598 69042 8325 23124 86521 88307
4209 87150 60463 88161 76664 32703 12735 8814 8379 52051 78497 87113 36068 85979
2444 46884 95022 4968 14983 43203 52580 58793 67889 16380 40362 23212 7431 64674
93918 23055 74972 97946 87804 55046 49299 47454 88270 19901 38085 13615 69738 44133
6398 69358 50720 51898 24298 42372 58731 91024 82409 22027 68779 2404 9823 71447
19310 3920 53554 33621 73900 21069 63131 53445 6143 28994 86401 6091 74357 96062
38197 44712 37448 39485 44146 84740 53840 33397 86294 7687 77370 17016 97745 5161
24806 37648 21788 40399 57730 49701 65276 18838 40781 1832 34941 35285 12952 72172
66113 9618 61388 21123 20860 69142 6100 5250 36214 43965 86648 69084 98827 42819
70732 18472 11542 37126 31253 60866 82113 94705 86670 53935 42732 48676 49791 54114
38793 68107 74663 87286 77245 24138 73495 29429 9906 85368 28423 66623 6623 99749
70391 53627 65757 44579 22107 42451 40605 35609 61738 98697 1236 14906 9124 91461
53798 94925 39167 61269 92378 54177 53323 45393 75866 98165 35141 87443 13316 65792
6221 29200 88091 11355 96981 31236 18175 48689 37030 35402 69401 70351 51264 40708
67313 93086 5116 33758 91718 74475 62269 46132 98067 45537 32535 33999 88730 61694
45863 22161 78258 89766 32404 16689 77777 78521 82698 58338 70104 64867 66389 65667
98177 85983 18026 6840 18965 52718 41063 41612 26396 5923 94768 91466 30990 57524
48153 74977 95154 86731 77075 6438 91154 42224 91406 73031 68817 97446 61541 55441
54026 99375 93009 89025 85975 7367 8987 25021 99219 72278 91316 99226 12033 29830
75454 8626 75802 37831 89127 16554 33287 66491 94069 28875 77124 74035 66887 30302
10180 94977 40548 5338 55069 26597 18771 10851 15750 1396 72854 65015 23162 3647
1158 94678 63407 2452 73576 24277 3670 88370 45279 5753 98367 84608 32023 96368
30617 98762 58632 30009 10188 25669 17551 19089 57339 46968 64337 58584 97871 4779
3388 20241 53230 70081 50489 71495 85513 93467 46046 94051 21532 18415 58206 42689
54942 46495 98317 29770 93982 72878 56578 60602 58698 86876 85045 63619 52016 89491
22758 89478 40068 61840 94080 96920 59318 6698 32775 56700 54850 94370 43887 36136
31281 34420 27488 57464 92877 49847 66542 11364 52053 7455 94922 49586 91386 23016
87191 25936 47986 62684 79958 47996 72910 50182 36370 34703 17754 14389 33585 39431
80087 87048 3864 89083 56303 35104 87742 76984 24551 61978 54901 56464 31515 6037
70467 21281 90627 83767 39262 816 83560 86718 1766 33482 21751 52515 11108 73193
97276 34766 26510 26779 38383 80415 14631 97622 31193 92077 50155 77708 14122 26573
6425 83234 37826 85266 57518 21033 15340 8623 28951 43593 27075 23598 825 72590
93161 43885 10226 27970 97840 98594 78995 54526 933 20226 84334 13306 65491 75412
52886 37896 12212 95471 66713 60036 86959 8675 72791 36136 19027 52233 21591 36851
65127 91661 55261 91523 27165 90167 87894 68552 2061 77195 71863 71555 34826 60994
98522 41936 95557 98985 1775 9672 64496 83756 56731 81866 9425 41346 8906 34177
29769 80252 644 82110 95259 78043 89028 82612 79579 13412 80536 25356 49214 58036
75376 54221 16082 89410 82277 82667 85752 61308 57457 15181 90226 89401 99090 37874
62373 14761 13331 26902 6894 24845 65450 79164 24241 20936 72042 6536 90884 12072
6555 98815 55667 2125 84518 13770 7626 50259 96846 48609 78054 30973 71773 41381
70874 33105 48609 62948 97644 35519 77458 91697 68558 47051 56111 69813 93259 30854
7677 38170 46598 64380 45375 25986 95149 44342 47542 28006 43640 32684 43829 17514
46399 65912 68774 91574 21591 15463 81093 26849 48729 93191 18399 34297 97652 56949
70419 22118 66302 75813 95082 88817 62011 36281 15381 81859 60321 11053 84653 4698
55993 8734 666 69689 7932 35032 68780 68181 34295 89600 16265 10304 32528 77871
90161 86024 11267 18783 96347 69740 15406 96588 45525 18171 44546 83582 69816 92439
90831 97841 60643 72228 67879 488 84160 75371 94729 77447 43140 42958 7258 45114
43085 19895 65853 70954 38342 8920 27311 74998 11591 58041 68153 76893 98432 15657
16551 65433 17637 60592 50139 18807 24980 91623 20283 59517 45981 18544 84466 5361
72398 15799 67210 84354 46638 29274 17746 26610 20022 4660 38976 28612 4664 21351
42521 91714 91079 80794 20299 79188 46640 78789 3382 83678 11844 25465 6069 61999
52015 41055 69717 74242 27417 54506 90265 55142 66465 41121 58114 3357 34586 83096
39032 74946 81517 95283 8035 79145 24698 90066 85385 21746 90749 70376 37414 30842
66663 90245 15547 84186 99615 84300 17132 79595 73241 26305 15806 93489 2945 66645
1967 35950 68711 4088 54406 99827 77222 45237 13951 2278 40470 71091 83663 15073
28277 94864 43982 34700 62057 2775 69393 19981 73418 26677 47138 97174 56004 8569
97065 36338 78839 46879 41699 99785 7762 46904 94313 35797 78191 86117 51348 92480
38018 45442 75590 79012 8337 21757 76849 32149 5509 63265 26885 88726 55963 55209
15748 78136 50411 63411 98350 73915 23915 77894 68418 23921 25224 339 50537 91803
95313 62801 44410 51349 36305 90043 56398 42100 49822 24902 75367 86860 58017 9132
69307 37474 9802 55665 16974 71415 15234 32750 66443 24749 73159 30250 96358 4036
36206 54930 72247 77396 7903 80121 59490 51882 67743 33684 60599 14627 32746 76903
19491 56841 37785 23386 517 5308 18222 36063 92619 3069 64116 92735 88064 33070
21404 56408 45870 41430 12323 73666 96664 68065 3998 91875 73507 82135 70497 72798
3339 69402 19341 53216 3231 50262 37824 9175 8489 46073 83 70312 4833 37750
48406 62063 52298 67217 25938 54942 84473 45410 22697 75985 51289 40315 83593 78631
50254 45825 62904 16022 24687 48533 16048 12846 29271 75020 30559 4929 81091 99464
31364 46716 84855 43812 89663 22049 38497 84037 24078 45228 66835 17355 83133 38655
36201 71956 7104 12832 3631 70230 31078 84421 84517 39464 70045 17837 151 64733
98225 74672 68213 46375 35389 83917 7908 62853 77053 99258 67172 83279 62239 8687
49177 4356 66480 35521 59672 31883 56050 47108 44328 53189 46171 70452 69144 26882
92318 91158 84078 50478 359 85768 82408 95026 50712 9512 23350 17641 73284 5676
94213 63363 56704 52639 93509 1510 98752 23912 8419 15268 48704 4898 24232 2506
80377 37976 62136 90116 13101 24485 1703 34208 15786 55834 42198 97978 31558 33832
27752 75221 6775 55154 16049 83239 36436 69976 9555 94614 13616 61721 37623 61468
70292 97697 15452 83601 34731 57568 3231 46721 7679 30974 75877 49459 28397 94856
71346 91261 92697 64846 63428 73083 42896 51736 27219 89265 83747 88786 93083 80225
2436 7724 17187 84745 28899 53076 48238 44168 55756 58408 14931 5338 62206 43981
24723 4649 27699 74090 51331 16019 78797 98994 34621 86472 47000 5161 19835 23926
65749 80734 21429 26015 53239 30612 78723 13177 98230 34293 78221 63484 50082 8304
47851 35430 64637 39562 60111 69720 95160 49963 68328 83708 23895 38299 63961 88203
50754 85989 66702 6034 61787 27267 61377 60935 15724 71444 68639 87378 19236 60338
90028 16957 86090 22508 14526 9901 50807 3269 30741 24066 32872 32712 88313 92115
98679 19626 46922 12131 44867 22893 96076 96809 2619 3178 29779 72113 34799 92262
